$ANSIBLE_VAULT;1.1;AES256
34346634326366636135643461316331396434353862366436353465653537353137353533616264
3835646361353637346161346361363833343631353938390a383831393634326530663638363135
62343262306162653662643039656566626663373039616466363361343334666166356565323638
6461666335626465650a323334666663303063303861383766626334333561636534656336636336
37353862626364386639643965613835313139613361633666663031323637663261613634393130
36363930333765633538623661366365313530383735353238366365623761316133326664623230
66656434306130656433316665306336666532343933373338663432393939366134333033313430
64623730363137646533633261623133306662643034653230663565313531393237386433326232
35666639663165633139316133306635333931616132356263393137333335323461656238353035
64386461643161383263333563323163616335303164663235306564646338336334366436636638
34633038333864353631363637326338316637663839666365303530646330653038306337623238
36333735623335376562623131376439306335663965376130323231376364373936323166646531
3231326438386165.1.3323832346661346438383363656436663262656133616332623636633036
34663539303738343432653166343831633834353130393365313565323964393762363131396664
39636263346538623836336365313638636439336336656638393461636633376565643261346536
35323263373131353038343736396262303939353736636562306232633430363838633965303137
3538
