$ANSIBLE_VAULT;1.1;AES256
30373962343065623732353238336261363836373362306138633130333666396234663136326637
6530363236623633616230343865313539396633646332380a393536613961373365313739353561
65663633636435303664366631633038373836663433613566343734646466616132623930643865
3231376239363438660a306430333735663466663931336133633064633761636534396132356437
38386335643661313931336263653238656334303533316539373463643765306134653836666164
62633535386437376335333730623963323761303730383733643464656566373230326134373737
33336334356164383234643665303664316638356165623332613133636561656434326237353066
34616638306634313831383866626531316534363336353932663636353337386232653638303061
66386662323232646237633061633433346136313636646235616639663539323431623631326665
65323661633334646436316434656337653432633836366231373138623038373736623264636433
39316662343132653036396630373737333037326235396564343535316663643531343236363363
39643635313837393766393762656531396565643333653231663064376464616638353966663663
35656137386561346666616339383930646433316166326432626532383963363138326462393266
39366233653934386365646531313839373032643765363434383636336363613135303039336230
30393864636137343337633631613262366430386234343532616330393333393635363166663563
33373038626133356435666366393033336536343365366432346332393938623234323165393531
31356535326131323231663832303534666231316338303331653436626465626364323931356638
38366439366466636239626537656566333832643162666266663662303839326133636264323535
6535336630313839613364343433316363663931303365613335.1.3616635616135366665346338
32613837633335353562663866633734633062346666653866646437623539656236646332343834
37653565343437306430313430326433303437336431396366656633316461323139363535656262
66616534316166386365663563646466363738396563666465376338366161633830613336383163
38663936373434626637363538653636343735363365.1.336343965353338616362313664306132
36653435306230646131346364623034373735363033396136393637343461323366383034636263
62353233303933313734303130336438666235366461653161643062636363316365633266633530
64376365373966653339343534306530343966306132336663646436393965373139643866303066
39313335613165353137353334656534326439613734346661653661653963346363623037653230
32306566313462333933366131396235313835343436623037373731666338653763313230383039
62623866376639623139346230343431663135646666323833633437373834333937626337373735
61343032333934356362373936323964363139626263316630343063616630636130343434646664
61393763366336653966653630346662333264363334386230623164616463613761663833323537
30643663373337323263336431616231613134383638366564343339356630393832316466353633
36313134633835363135306463353661333831386636623035656562303736646461633033323435
39653537636166366236393336666465306632666661363633626463326466346665383762376234
39343166333266366534343338333133316333336162376236353864636539363233636339393932
66393235366566383134356161326437616561356538343466653866393531663830326361343038
36393961323637313339366430626334643563346438623130613130646338373734366639373633
61396230393433666564633466393363653732616666303465306435633363383666386333303764
343632666530316331656530656362306261
