$ANSIBLE_VAULT;1.1;AES256
34336538623464646361323463353263353635383533613866643138346232663338383566386465
3164643431333437373464336634383034386435366534660a383064356339376162393834363336
64383864326231343036633633346232373133386437376266636265663164336664316132333936
3930653764643065620a366138333865663035363662303562383265663334656463326637326663
61656139636361326131346162376463366436363932656263383533303232663239663535333262
66353535653433313862383362633738316332383632376430343434393131393362333438633064
39343364633035313231346364366632623130303862396264613538623031636232336463343238
37313065343634316635383236353033326232333166303232343131326366386361653737613235
36323838656637343639353933376666393438653661393534353631363937316433353534636265
33643361653832623136613237313736623739333538386561653434636162623332306462646364
39316431376466393266383430613563306434616432616231326234303739313037373939396330
62386239616438336339613264376433363231633563633731313135366162383162306233356435
35326363316362313363653161336332343963303731363130633063646438376365613936343964
62346166306537366237663739646635343532313639653230643535343331316664616339303166
31616539643164613231383339613431663633666530626632666337326634336261356230366231
35633831313162363830363032356535366664353934663835656535316632636564393730383336
62366138616637663432343538336339313066353361623836343936326131373237613862343335
33393064323265393461393230333461316462656339623133663932623433313239356132366230
65393439633134333435366432636631343963336164633666343832386564346539316136663636
64316335396638303366313734343330663439613338343339303032323339333138633037323035
36356437636462316635356533323633653661336439303161663936336661663166336366333338
35346366343638363335666562323136613564663733613466316435636630646437326262393732
30313463646438643863313361373964316636303938353139373137316164343039366262613963
36646633613130653739663039303036336362646435363738656238346563663130663937306164
35653765313638313130306431343735366234653332303266366431303138613230643636633065
65393133313665623562656630373235663164336236646231666638393064363338323337623233
32333765343530363635383537356131316463636264633163396663636161353032383265383265
62356133616231633934373232383636366230656363633939643432393839633236326661363335
31363735633636363636343137303761666364383364373763633064623137316530613030666565
33613365306334353138623435353133346563663432396339616238646162613332313561376631
33356531346638623363383738343162363130613135316461313936643739333930373730316564
61333665323136663935343235366639623739303763393231363165666130353963666233366461
66616462343465656236613534643639646664383163663663396433396632363066313734363336
66616462393563366533383930326666353566646163363861396139386166323761616161386564
31626166343836383634346264306333613062303137626565373333393366613635356366363436
66383137396463633839333638656332383339346231323934323237333732343836626537316261
30373130633666643263623439633330336533333864383033633665626631313936313431313065
39393734333235643164323832346463373136366531383435316339653431316465656665383265
30373835666636653633323166333837613233653830626664636337346636626331373134336661
34336334393730666230363234336630306132633635636339373833373962623038396661373037
64353161356439663338626362656130663833623031626233323634643837616462383632336238
32366563633766363966646332333538336163396137626634663864643835333833646164306631
66346438393933383132306666633961343637373664363533343761356463366666336661623937
63343361396633663766316535623365653434366432316161363438633935633230346639623865
62653863396264373832663139613030653639313961363137393034616266616161313933663465
34333433616133383865316237376131316332383131393130636438613437343161336364373038
30613966313733366432653938343837656239343235653432363439383931383737353966366530
37336131623537363338653062306366333061383037653534656439366233363435313432623631
35653665323534386639663930323734316133623561303730333634353762666435663564323666
36313738623430393865333464653266303231646439646363653633383361316538333936636565
65383765353630333635323037343766396635313033373339396633373839363030653139633331
65643238343237303236306334303932393633313632376130666235353163643038653236333334
34653338353635346334396664613935663732623666633361343037613539383433636161333231
34643065666232333537343961383034356666306136646130303738356233636231313539386362
64343063663637613965346136373534303333636535643061323031343465336165616637383930
35656538313135643134336339623535386532366536363362323135653961323635366563346233
62663865326630323535396234373061366536643064383139643433333364373336363738643562
36366561396236666464363664616334303132353663396666303838393262646639323865663035
63306136623937346364663364313439653862346136623331373534646263383863653136343434
30656563623934653932646664333132613332353434363134656539393539623866653532393731
36643833636431613130636137323962656639633932363835316465653034613364653866613130
36306530336262366531326634636530346336656430633365623662616431363135353266313366
66373765636566383834366463393966353764393062346339646364343431363639323462613064
66633030353831356238663036393566646431393736666339643734646237393061613061376633
34373266306136663731376233643236393538666231313635353239353561623530386466346636
38313662366133633639626637643737643166613233393638363561663466386265643833666232
38333163656261666663393733643662363861313935343736626533356566636464393035633666
30663264323663326534323739393539643630633563623335333832326161633963343531343561
63386265666630343262613639393264393331393734346231363734663233663731356137623038
30643465376630653764623461613961663061336231656438323038663537343364386337306366
30626532323562366134373436653762346331386635376262346363313764326631636431353464
30623461663436353062386165316536323963333534336661636132373039393837366636663931
33333631636139323831396536353438353230613636646333363832333332303964363264333732
65623765323231393161663239316635303930306636623261303965383836336139306239666233
61663034366235666531636161663739383330346534376466376565653233336438353035663366
39356136633538346163346566316535326165623830626132643635373433373066636361333230
36393337383534663662623534343538386432333664336665613231353732333434633630356663
31346638386365386361303437633861383961366564316539326262353361323834643638646531
62633236366461303634396637383331316336333633386230643835326136356432643437666662
30626334363332353939383466666264396162393164353636336665666263373037356331636466
35383765376463326437323937333463303438383436316433333938636162326433303933356165
35316461373361376432623730316230303230656663383566323936333430343833653035633133
39373561623233303039363933636464316339326134313733623631373835623432653162656233
64353337313064383836663930313062376164386630623532336566643866333964626635646163
64373335663564646531663138623733653230383139316337636531653732336533323562656637
30323032393733356432303033363166363635363766343263636430663237666261643032663632
34393361353733636639303136393462343463613834653132343433393232333736633765393266
31636138656437396536
