$ANSIBLE_VAULT;1.1;AES256
34623161393939376131636166663233383963633262396635383934386237626566353834386232
3333376631343330393734396664636136623565396239610a663362643461653237376331643735
65616561353835383861633164643137333537653930323335666465353737636530666631346163
6130343564653938390a613662623464343963343434383863636365363363336461343738323131
356664346638363165633036356632613439643232323935.1.36331646264323235363435643962
65636131363739303261396232313236663132336232623336326430623961653161356334646666
36616461646535306664323963393561616135.1.333666134313939323763626530303534646131
31366138316130393933333939326139666461323530633537663436643734326535353765366162
61376237633366363261613435623430663365616463636332313738653563356130363839306236
63663031393430653538663135363463666439313964373365386166343334656663306664383763
35316637666339333231396239636232633935613866393931346337333137323431323563313630
63373938313363383262323938373331343634613537393131326165386262393666333635333363
35373630326232636231353635316639653437353965373165333336636161353430656663363266
37633837353166383566616363313965373032393366393862383230343664653439313965376263
66353639306233336365326161303366383761353532376632376161343363643936623761303436
61323230396536643031643734623039326562396637656533313936363366323462313436316164
37346137323365363838633032363430623766363738656630356164653130663132626461326634
62613766663665376331663136366234656464303231316530393634353932393762326364346164
65613162393438303836313332373766383534313537313231666434333262643536646539326264
62346462626433333334386138353134303462373665366662666430386530303133343236643066
32646565356362363762346436383133616131653539316134393631346666313561346363386534
61323562383532313861393439363564636466393634623865656464663038623038386339393436
39366337366337353765393965623236306532666366666166356663326135623636313461613966
62336362636362626362313139396565646634646131656438636338663537366562613036633235
32386230303437393133306136376535393261633139323230306231376163343038633861613636
39383034333934653962343438663933373332623161333665323963313336303835636134633631
35663437633230626662396163393066366664383762393335663139333438303238386530353534
306432313838366366653830373637636337653265.1.36161313836666561633966393762326330
65396263383934313261383161636634306365653236363539393934316634323639333766383032
38396665363535366536353263666636356536393432666264313138653863616332613761316633
64336162633939656365613766633131373134653836376530623737356562303765663733653539
64653333653036373331353864623633363338643839663834343635323861373830636362363862
31306439326134353962346266623739393430653363653661393637323034356239343334353265
36376133626565643839356230353264373534356530373065323532393430333339646562313330
36313334363530613135666633663262316538336632346664383336353831666538616131363533
61316435626131653932383233663635636135366463616635306433396565313564613463386261
66313663613737366438333739393864623062653932653639343536643038386234313565366634
63326533646539343332656165333337613638343536303737326134616137626538363762666435
64363833613766306132633562396261653532316163643366316630306334633461386238633763
62643637376231636166353064383931363834653166393935323466383434353935343337653461
64613435306639663739376437336538633564663461326462643833336362633733383963306335
63616135336336663031643566316138623938376439313366613839663939633330663931643836
63353431393863663333633663306539373331373235386138613939366662316332306436366261
38613533306136383465396462336364666264366166366266393238363466383332616433646262
38343230623234393035346336363434636238316139623865643432626161643835363638386464
35376438306638376361393466656136653461643834663837386562356563336165323764373561
33373538383337643733346430333736623134313836366633643665363539336538656263616437
64616164376237343436653932373362643861383135363965376263626333663530323338653561
35303835396636383037653539643561643961636633383964373864616465353762343234313264
33346139646433613833656430383330663564653562613936373237636138656664393538633935
66616437343531633864663438313330366239386263653763343861323262323835333562663462
65353739616630613166366435633932396234346530393836353866313262646539633565306565
34336262656233653165373831303762663735666563613539396434656161306136656336303936
36653636336138316437386264616263363565333032643731313834613233313637323137303031
32616339663765393134633338633133383962366632323664363562326263323832353031636235
64353736346138346461616232346335343563633162333962336438306338613138373631613132
64353830363533353666646266396263633130616364666662333964306561616662663836646263
62333362633135613538616235303134323535353436613039653633316236663866616539333132
64366662343032363739343261313133306531383762333135323739363362656565363165386362
35303366306364633438663162663866336365326336613031656236613133373162393233626433
62633561363239393737376330303734656232356438653636363931353939306366313262343965
35343830333661363764393063393263316161383934393966333462343830333061343130656161
65643134353236623337353332656465333935643965653138326662393263373136333162343636
346239643532646564306134363730666461646465.1.33635356530343935313437323661343464
38306132666366356631393464613166366564346564626161623633643837626334306230663239
36626139646433376530353265396139363861646361646463393732623963313364316161653735
38653038313838643538333565343539383735303461656234313466666536383964623434633561
36626532623238373833343266643436646633313961633831643739343966383465323466343031
62313866646131363137653034653763396631333962333065383332353966396165383766343930
61376531646438333430383161316235643130313133326265356339633539303134646163303566
37666463666532653136383966396331663261346637396162383139653835373137393439633232
34623133363738353963313866333265636435623339623438343037663134613739373636373233
31356665393166653138316365653863636433316365313539653462613664393064663631633832
35653130666331666563303837356239633030626363343961303039666439313339316562643035
66303465396165663366343064343433633836653434646464623866663336336138333030643139
33333235303233656364363662623662383334626631363665303065646235376232653866316264
31663439613663393535656262346634323331373737313161343863303466633264323132323338
34366230653639346364623536303865663431396634623737386531386230663832373064333061
64396439373535323236613564643461346664353532313032316664633137346635663365663437
343065326235.1.33961616133383439346135373761353065376230343137343635663535623665
63633439343438646232376362333832333761386630663536323437366234393631633135313563
39396638323666636133306562313033666563373834333063626464313431353136303538643338
65653934323838626465653063643065656539306133613337306337393662336232646338646636
61373534666561306236336263653663633361636266656534303166376637343330663532323034
64353463613334383438646535303962343962653961626331393130393638323736393735393864
61366630343533636261323166306236623335373164356330393734376534653635333363623664
39396261366366393462626536316436666564353963333431626661343430343166396332333335
37643733636362303462653664363335653432646133346232383862376631306136616331633366
65643363653230363530313633663033336236366433633061316132333733613464626430613934
65363934353631666163626235323661653361346233653064663337663036643030656265383436
31343439333835643139653633383730666439383733326638376538306463356333626164323336
37303165323037633363386363373463323862643731356564613638323934373035643939323135
31383263356163313236343537633361346661623636353862633134653339303761313565666635
33303939346139303331383965373038363661376135623631306337666139653065613934633565
66373439313436636339326536306635396433616136336535336335343038666337306136376136
66643866376130333166646635623566363437303661336136626665343235326430323433663937
61316364383338653463613735313437376132623564316230336635346538613565386563363566
30393634643038303363666163653530623637326239643730626265323062663761613435643233
38386664343839346263373439326161343836343734636631663461343763346461373438666665
30323436363863306162393830316265323233356361333963343832303762626239393863633634
30366531663734383434386434343166323237343139333462616639346336326634623630383336
62636638636531373862616131376637343332623235396438613430633639356534383962333964
66336131363039346564343661313466346330373230383035636338323965373931313937643863
3231353261326236353430643165.1.3633633383934336163363335313537613035306338363063
65313438323632306664616133643237653365323639666130663737386136356236623763353638
36613536633061353338343934633432666361653533626565313764636132333832633031623737
33303064653739643832353038653034616333333565343133326432656136313831303163643762
37303131316136653866643763663466303238643834623631353265386233353261363764663065
36313833363061396462663565366134333536376561633838306332306531336636646563373838
6663346234636631373035333938306536316336363865636636
