$ANSIBLE_VAULT;1.1;AES256
34653732396331646638353138383835363961363830613433373466646364356430326161353531
3432353839653634343664653063346433383636386465330a626237366664306462353130393530
61646536396134306563616632613636653235306335633232316539353261336634613237356438
3631353665396264370a366661613761326532396135643736373233333164636533616134306433
33366439393363663439376537336462343935386362376364663763396632383432303962616339
64656535353463393635646135383061303536653133373538623336363537373462333133623965
32666535353933353837343638306134376265333436393135383065616335636632616332373630
3763343264623065.1.3353437363862366163643836623538666365623561653161356638616438
39336131653034633337323134383330653930663066323731616430366334326538626135646563
34633632633437326334313964303531366535383234366432376639613833663566343861373365
64323263643535323432326438646165653537613433353436396632663033363634373932393765
66376230633363636161356365613935636161303039373461663534373430393233383461633134
30386531376634383335373162366462383132613135613336633637323134376266336164393861
39373739343761346666323538343765.1.365646464363436373965653031633264656436396237
39383832663061363031333533373762373933316636383533336134393666656363303561376261
3866316333643861333933363131643435.1.3383866303864663264656664633332336536623464
3530656661303465.1.3616563633966323332626138353438316664336166363030626234383030
64396530616465356237653035663135636663373863386431613036356435356631656336336434
61363862346363336332646334393134663838313830356537313030396464313039623561613961
30393065663832613031346435343839616530383764393438373661636363383164353565653938
30616536373663336533353133306561333834336335663935653466393536643938323961643333
33333936373834643934363861303837666337376639636135643839316661326264356265626130
33303764333138366165336236623662613739336532303930333830623734653332643434666265
63313836643037646132343738343039613231313537643966653161363865313761643933666631
39313235386366633532313862383334623566356261646136653065393137623361346165336334
31363630303462653062663231303538303566363134396437633837653034313538663935633936
38353464376137613464346262623530386532366230393936636161303232663433333234623431
37323962363134303032653130356136623437383664366339366561646438306634343164316530
39626166346465623239393166616162646264313566326663623735633765646264663033643233
62396266636539643033316536383061303536373962643138616662646462636535316364613431
64616363663864626631613239663831363937393933663366623765366437346137383336303430
38386133613732383531616436646565363564396261303331346632333639313730383932303438
65303839396561663239353431376532646462666434393462626261353437643362383362353235
34656536663263643130373832653938666561333665363038633231363635383039613964323638
39373435643735333530623438393461343563393832323163653136376463663132363263373339
64663035336662613266353838656439323535643337396532363136373732366132663262653663
66313836393937666162633265366539343636643431363666353862333538373238633265303265
32313762616531663135323265346562323031313165653662636633623366353763356436336133
31643132356431396134376663653538383431666337353133303232646636393561613333386466
36346335373932653538366336326636636262383539303935303866646633303634633639346461
37393035306636653432326633646536633864313337626430303634323938663062663437333035
31633233303839306430646331343233346332386638323036663138363538383066336461306563
31383963613035373130373166353234396535383336366438313937353737336630363432373765
33336139353766613030613161363661326132306532653435333833663365363531393038663930
30373437643661623530313566333133386137613866343864633662373564386566343830313166
37653733366636366162626631333036303165663538666462373866393362653964376362626165
38346563666164323161306335656264643536653066323130323539373137653532663131323466
36616334616531336665303564323336633136313761353632333362656265636161323562386134
65353734653564636136373531643264343237333064616462626533656633656265303431623062
35306365666466346166306634626537653961376634653261626132346562393534663166393865
38643630303264343236373037343934656635666561386536646662396636383762376366346136
62656637343435303530396639333862323763613832343166343838646135623638396264353134
34343663303436383935343665373138346333313838393734646563636635363062653637336164
6533613464373430376637656235313135383962353965.1.3393761393232323130356439303063
30646666336631646236653738626231393264646632633638313539633137306335663438633930
32393736376239396338326132616530333163343062393064633066333962373930386537663139
39613563663732616161616663336264623732613035323631363033353561656637343834393235
34616235343430313961633965656466356133666164373864316631663866613430313936623966
36616534366230633038613333376264333538643663313961356262626139316631626537346232
33656661313139633734653665373965636565393635656263356331643062343138623264333464
30313865633638333531343962303262396162383163306339623464323264343430313466383837
65333733376331623730633162643264646162623036306163313331356264316533336330396335
62313431623161623563373639363535663164353961626563303865326630613839383038376235
623735.1.33231366537336335353366623936633961336230623965373834343738626536663362
37663566383934393762373732636337303663336233393864393733346338626463643336303536
36646532326633616331613165363639303131383461646631646332336236363663643666376539
34663765313730356336306235323163343732633362393162303964383634303830663634386564
61633963343130373032633939613335323431386439346165366534653964383362326366323861
31383437393765656266363865356366333264333664333961393136313535383031323735396239
38323562373737303863323534653739333662333131613533356362306263303232336261393062
66336633393436383138323636646332653839323966666438323063633964663634356564623264
32623236333239613830663863326132376233306565643530613135626561313936303961346265
62386336663664333963393662643237656339313534313034313936613731633861666561393331
37396534623231656535386462653837653563396463306236616132663661313139633136363534
65666461363832373239356362306330646231656439623463376566373733626139336238623736
31353638616137353232363831386330313534306138376164626461626536346136616438643133
35653930346533656538613731613634343661326332303734386366646530653766663437623566
65653261313362393661303135323563633838366133613462616235383637643663663963303437
38656634633838613438616533333165353962616338323035663562663132373036313837303334
33663239643039336164383230333930386663393835636634363134663034643263613063613830
63313830643365383766386661396531356361376238303034383038303238363262333334653730
33653663323133643061303632346532626262616432383330313764323962323164343266333231
34363864623761393231366432323636653762313566356563653664643365623965353665303762
39386263393165626135616332653730303965336261383139376432383434663038636231313737
30353737396164653039373766636564306538613761646562393135373233636437636332383966
34356337373137656134393831323636633963666161333563333464633838623839363366656330
30663039376230326539376161393137376366353862653535386431626239386331326634323366
34346238623563373363346264663936383330616234366337383232626633613935326638363334
32396336343131363561333735633535653332393833613561303736386263343738336635643466
61303664326364343636633035313433666464643039333166383231386239626230666432623637
3034636563396666306336386333616537666237373435336365.1.3343763613733386436393631
34653737623665653938333631376636346666653933313764663434626635376238366332346565
36336132396638623930366161383638333038666230386532303334626265333366303137306632
66363432386265623437643534323465343561383866303961303237383535366230643263643264
34643737373039366538653137376265643332333834313438613861646632383333643461393234
32396533656233333466336566386436663865363635363634346165306365313034326230373631
63653836356532353733333635333031343538386539633637353438343736346636353439396638
61386230613761643830336431333063636134383139373036623065366636653862303335323265
38633633646631343437303031356363376533633830666564343639646263636139613138663964
30653465303062633235616337623037356639663466303164343831326634656434633264396563
39643936346531663563343666346264376464663930646162663131333635.1.336353437396262
39393532323166653731373037313263303134343135343833653266346530636432643335623763
65333030353839353566663033396439373564373331313037373034656335363333663731653866
66343738636334366434376235653864323865313630306161626361616433303136363035636531
36343634633931313138646232653235643862363139646661343333303864306461313836383730
36346437303036633064333139613565353736636132653039623035363263653337623939643462
64363162646366613662643666383362313435666663326330616631396237643730346362356539
37363634323066396138626464323138633863303862653762633634616363346431336465323630
30646565376532366133626136303366643161396265633836356361613933326233363831386530
32386536626239343136353565343531333566653565613738613433393234613238346330626534
36643937306465663034633533323264333632653662396338353064323538366561653433373062
62363835326134653136663762303562666430646235396262343435323630326438326332363766
62366439636631363364363132623336353434653832636635373662366439636332643438343932
37343762666439653939353831616337383237333162393536393566353236383861376639303233
6465323735.1.3363466383762303665333232323566303836633766326363616335623130393863
64613232643230303463663833353933653532313339613366366665313736626263623331383561
61306466343434623665306265396435623832633564633430363032633939363532633634316666
36613661653538646639636264613238343965393661363565383435363863616165363936643238
34323939626661333934393663643034373739613834623231326661333864623139346366313863
62386366663432383235333766393533306334626334656634383632346437653433626437626630
39653863373231623438386130663830376663613135323436333931393365393462373532613964
33646461363534383862633636313036626631373164323763356465613937393966643462353662
66323231616239633531653832323261616130336630366131356633343533323331623337303737
64356237323365643237313332343631343432613830653963356332666566386461326530326438
35386664633638373433336437313538643839333762646238343635363561613063343462666231
30303931306435353239353931306464616232333865636565323961313865353531363835343636
37383934303233306166346165656261383636633761616436363139643332616366666230336438
33663061666430363437383162376438656439626635623237346235373361613663313734393464
62373661393933356139323336326133623533333334653562663930333066666336663037663863
66616237613664353666613662306131613437326136643632343031373163656436636432326538
3635.1.3326365636135656362636630363462353666363661343436363630316364353437646266
61663730633663613737313362376432306238633837666662666239346463643033363664623633
39613233343365326161383964386638656239393533376331346231316137396566663564653732
38373164643761626231353539383261653166343234636337383464366265366264313234373338
63353663373064353439346637396162313963363034363739636538623366323931643031363338
31306338376232626430353330633935366233623039373231663463616466343035623737663763
35613432363935.1.335643439316238393836303836323534346361323366366134663566623666
34613061623433613536383537373263373837316539623165323631646566333931313238343837
65643530326332346436303433646134376232653164373338313530333535386564333262376234
37353537666632633165.1.361336235383436643331383433353030616239663336353436343131
39613835663037356639393561383836636238653235323839663331666563303166363232366561
66613566353930653834646634386434353165653239666664333432353436343164653333356161
62653835383438393864303761366261343664363762313263316464616236633137666235356661
64633833636666343232306661643137396534303062303561373033653333303065653430636239
36636261633264633139386664623632326130336366653231323961306461626532303762383562
63313430346637303932356532633061306338636162363666643064613164623963363265346162
34356135336465326536383561643063346366646436346532623432356138323665366665633466
353133626230666238373065.1.36534363036396437643863656362353338393365326538663664
32613730636662346232376464623834313961643865623263613663356336303762383866356432
36323338393261393236663866663432643262666665396464363661376532303839343166636364
31343230363738626161663361666666623963663334346139633331373364666332303633623561
34346233303634313561376661613031383165623963653263396661643239643830616665363363
39323964646365306339306335343366376235303166306439613134633933363436623639623938
64626665343133626262633630613937396333393737303232336463643036313966323962616231
33353033393162303161623063396435.1.338323233653130636332363263363838323135396364
34316162383964336236353532343033373235396365373239333762333435663034326631646132
39366566613233386466646436623834653831643436656631316165343737646435393664303233
30316539373137303430666439636233396539623834343338643532633934356662363738663336
37366336656131353338343435633566313034376131396436653936666230343430343330363333
61386339373562663164383837643665376539383463323566393030316361663663313433313731
34626166343935323565356231643139363335343339353234653730323266613030306631353233
30373563343564646465303433383562643563613439383166376432323332626362653365626236
39383061653530626634313830303962363366316537363439616438663933353733373230656464
35386564386337653331333230343538656532313336393630626130373433663530383231333734
39376231663136383062613339313162613365343033363665353833303861346639356236656362
3665363030333232633333313033646436333634663863616437
