$ANSIBLE_VAULT;1.1;AES256
37663764663964373664356133326265323534323365306530633166303163343832303135643133
6237353530366134383563363734633334633063373430630a653366373438353731336630643534
30306330303538383536346237613834663563636264376361623835656463653864623661663562
3230366561666334340a386232626639306635343139383431386231633236633835633165666436
33656265.1.330643031346235346237613332666665666334336335373066366664303138636339
61626563633539653136396364623364356638323666353365303862383937633666333562373232
63306630646437643238663534353933613733396531353562313235643862633666643938383239
61646331663734393331663537386163383439633234333161316232663465306430333831666637
35363562303762663636616465623261396366343361616465396261333231393764346261303033
39613730386638336430373161636361303638323135316661356662313464373630313731323937
6539613431396661636135383861656365.1.3396537353935323636353465393835393163333339
33336338333234363336646435663061373363643833333566663532393661636237353034393235
35653263623761346565643334366334623064323639643938643738633030663666386263656662
31336532616231663365666332343866626631396430626363386538626631656435363766376237
30663239633935636139633266366539386664653433613061613639623530623562663863323431
36613461306136396137656631326634616234663163623632313538313965336436643865633761
64383364393963303737386535386136343131616466336162653062323539343633353035386364
32393332666536386339613565393465373539396338386632306431666636363264376634383734
35393766616262313837326638306438613933323132343766643263613038306666396331383039
38326433323332383136353630653836353539396263366636343761396239363233323736666566
65656135653566643562326261663362393066633434373266646234626431303664666131636236
34376166653738323830393463303065663561353865633263636335353766623537616661636630
62333164326632356230356537616630373634303461313637633565393735613434626430643263
62306131643333653430376139393339336166616439356638613861613436323333663835366438
38313261656236313637343466623936383564346663626364636465636362653833623332333665
66353062626363363462653230343439303632613032353261313436313865303930373630636137
38356463333631343131303362643934646630623833653532353665626165306132656136353266
65353830656235376334323831663036383362646465653863643061393062616434663761306261
3466623839663232333432333965633066356135.1.3613033653263393638353764643535393664
34303634343161323334323965323831353265646537653263633235386539623136313435613864
39373636626534366464373237353465386430303436356333613361333762373162393830373663
39343865336262616539333230313663343132633237336462396635663563363066323737356566
33373032666666316362393439316566613138656535.1.338376433333137383936646236323931
31373064336337363765373665653834626239623832363131353565626465393032353332646535
30633734656138313432383538356363363334396364663638316432623437356236663562633532
37396362653463313130363665383732366430393761396537376465376236616334356663646632
34333534393334353336323332313035353961376239623537306636623831333634333930383966
3365.1.338393834623531666431333961373831666133323835.1.3373766666531353536613734
39373434653934663462616435366266313431316366383836316566346336366138666662653061
62316333346232383265643137616161316564343230643837653835653037636233616361366162
30343362396436303734636536346633373362386535323636616533336565323436343437653161
39316430636661303261303531363461613338636137333136646662306565363461643362383232
37316133633461313063643761383238643133333433666366363364353638386536623037663936
30386366323163336635626236316536336566626338643039626534356464333835393665626137
38373763353466643735346464633630303032353863393865616338303937663664643763373265
39633862336334636366633864316566346361613139303035643037363666353730316535653534
32343766393839623862343333366435393032646334356663303565303339633663313963356230
34383132343962636639666232663632346434616638326266323365.1.339663335623034356339
65333765386635393163333232366339313262343136383863323635393162373336346566326336
64613462303166386534666439613534386633356335333064646161386665633263663634303035
63363233613031353139366639383238383235373032356633373339616430633930323465623032
34366165353635383036646263323066363634363061343833343062613265316333363063633261
61636537623430393038376632353133376361333633326334313136663833663631633439653036
65613537353633656163633833613735666264333536663438373736366339373261313633353534
62633230366535353232666139626332363030333233656463623538303131343338363234343761
38353233333466346530666466346334313263323864306262313637363764653861656332643538
36363633393239303363643237616532363966396639653864333338633337383035623236346334
37396331626438616330316438393966336664363236396330346161326336366439626535323366
66306266656137393265626662343063313330303934663863613233316164313630363661336332
61383137343963303566626530626565633435643939633934336163386233613061636239353761
38663139663664623039356237636662613632313836303262383832376430663838306630323238
37356431353332616239623263373966386165663365333332633866316430313964313433636137
30343433633063643635643530393433353664343834316437386266366231306334393430366364
34613861616661333434666335353035653537633737353461643965363036646234353466653864
30613964643839653632626466633265623364616264366566616461346637396364643763613134
66666233663038646231643332306363373637356261393965393030376363633161613237356464
613435366663656564336635.1.33964333163353262383261353835366461303230356365363864
33326565373933663735393537353063386638656336306534333764316639393333633234303436
64663762333736316663316663333265616565396639623638346466346130636464316664306463
63626531653433356136633633633832643334323039666334396264326463396437646439336433
38643961653864653164643639373837376632653365323465326336376433623132386364663635
35326262396161323661313133336633353833363437396662663462393334323766373237623235
64666566653832613532316536666530383738333964653136386264353262333838623963306438
376530663436326236333336366430346562663631373262333035.1.36133613635336366396135
32383232346631653265383564376639343263383961363035383033366433666631613162633663
39376239306531636633366230346639346633653039303534346365373766323738303262313339
33346164336665633663613933326434393566663732306233666439653263366135326630616539
66666338366231393135393061663139343365623462326364383961353131303239353330336339
35653038336138356164336132383666376636626630363539333764323066376639396465636236
38663534376632336565323963643666656336346166343264646338356265363234663539343734
35383333306662646239386631306130363336366136636139623162636434313637393262333361
65373835313638323535336163663363393363303538653664346563396537653465626465.1.364
31366366346365646162666565383334336333396532646636393761633336333065316137323232
39613935336133303730323531373839643532316133326133323237343439316665303961366231
6134
