$ANSIBLE_VAULT;1.1;AES256
64643562363230636239663434336337656239356431626633623065396332653538313235383836
3833386639643731393034323530646433396238333636360a353530393761393534333035646231
61356563316163623362303032316230363532373037386361316163363263343132366661383764
3333363361303231390a383037623262383665383637326463663939353563373966343830353337
30353139633935636536323365323264356233623238646535383666343862356466363966626261
61323231626130353738336536616336313763633835656262666237363262636263326466313666
33663930656130313630356334633566303532653961346462633964663637336165306530366430
66303564333161383934363564653830343438313961303231636565323034376631643039643933
30316139333365636538613464383637623030323337313738623464373064613431326538396335
39366630336235356530643737343161613332373338656461363462366632626338353139393133
61336132636535393936336366333835303732643261646661363062363338383236656661626437
61303439303237343561656232336233646530613138326233356235323963646535653533353762
37336539393435336666343136353365396166643935333336613234336430316237383862336534
33353033383765633334333266303439383763313162646566633830643336313232626637636232
64373162313564616238336262613530646536353138653033363166366666396533613231623334
66383533336538313733373833373733376334656333656339376462613765396436363562393632
64643231336262313062663133363061663232376265353733363832633764363432653464353366
30643737396335353161663338326335633733316539666230393837626565626364333262363361
65613930373664613562376231646438366566316662633733336331376164636665376236316464
64313030663166363165373735656631363664323862366539373136663236373031363937353064
38393033343231333631316634313130376336653165616537306664336465353837336135346634
64626236383637663632343634656464343266323066613237323236393438343831646135616438
35326364346366346231326465333837343865656633393733623436333564633766353830663266
61396131303837323638653035323330646462623136323362396439643763646535383961636366
63396232666334376537393935386334663164316637363466663537636339643935.1.339363466
31643261396561393066643861346338613137306433386537613536373337373364336433626535
30326636336135653233626563346234626639646237303230663232316137623730653239363837
66623335663139376564353564666632333363323466613561353731343063633764313730356336
36393262663866326364323039393132313339323662383433613637666333373834333862653963
37333730383934656332643565356633376230616131663235333236333763653539353539353637
39386164613461383036376334346333396462633233646336393037626464303563313539366262
35333636623434303633333964636537303237393038333937623665353033363131316134333063
38643966636332336262353537613833323235376661663664666437623563663065303235646139
62363063363139386433303333616231663438316232363766346233376465633936613063333464
33323166376632613135313531663435623537613739653537346434653664336564626231656466
35303531633335643638663863643232613435306430643531313866636436616162383136393234
31333031626534313964653463623736326135363235646435353661646664643638663266616461
61306566306239333938653133393835323539643239396665626234306162306337633733613536
65356631623730666365656536643935663265653434393562356330316364333864656263613365
37663037653064663537383037303434646363636539616635303931653439343436643836636263
34393664313937363937336361346136656532653032616431306237356535626266393439646263
653164383234316638613537653037633437643838313134663835.1.36339646230323131393062
38626437323962313437366135646662323732316234376537666135303866323734386633346462
63343666376231353161353938616536643232656435323038303330636438663434343036656637
66636133323464663338343662343462653639316130313063326438316432383136623162623633
3665333839643532653336366165343865.1.3666336376162353566646563333936393936633033
32643933626236346465303961373261623966383237396231626232666438643438356636643037
3037326462343732313565.1.3613364393563303432323337353537356437643231323662343931
63326635643962313834346266633265663730313439373139353161303633303836346165326239
39363836303934306365626462326531333637326332353661356664376563613361663336626632
36663461613863346562666234643635396461333966336163396539636530343262323563376366
31353833626163303437643063303232323539626230393037656532663363626465333762306462
38323530303666653834386430303639656565386233396638363335373632336537376665643735
62333066633339343161643735346434666336623434653763366635313465333365396634616565
38633930316539396435653438383362616165333639636661653733333437666564343866363362
61313062353364613137366335623631623030303465326262393639376339323864363436333165
31316339626633623430313262643032373030643130366236373839353966313236353137633962
35343533386166646635353031636166313135373362303765646332623635396237633235633964
37366630613434393533366335633737396334306539313065626431353066383932386661646262
65613438363137333066363637656461343339656262646432356437633133363138303436353262
64636339663137613561313765373036386464643863633466313235646236653565646335656138
32383866326563376133623037343862326366373337393237663631666634366535373032663137
31643566336134353236663366663230313166316238303531343130363565323533633661306230
36306635313932303030383837633434306139356532356139393062326238333361363434363663
3038323330643538323066633533616435.1.3363635303435333332633435326463313530343136
37356635373230366135363363623536313734306633623032396235643339386338366662343263
39333865393863613436313533663036376131383732636366666537303932663834666161323434
62363830653334356330376539636538653335636337633037633030343463393638393535383466
31313362316335346334633030373465336566333966323436653335386237366337633065336462
36343062393039376534623531373534376466663230333136383466313334313363313466366662
38366433363163363033666466613232656661613139613363356330653533656366623433633733
31646434333164343064363462613063326433383164316662616432633261383762393036383662
39666161393133343665393132656433393362613633313234623438653862646239323333626330
65366633653065643838323438333133383266626562363637306130643664303766323561633366
34613565643162626364326363613331376635313136383630646162366266303765633630646230
38653932336161333330616532373031393162343139313365666630663863316532356666353232
66663338643161336531656438633633626234313362656565333134343831653533373961633763
65656665326430636139396539333964656264326132366430613834633036306664623337636539
61323634666265333263633731613336383132333238333731646465353165303565373638376330
64373034313036383331626438386637613863326331616364613763303230376366343631313632
39663362306239383331626232616236386464356465303336333463643863373464376362316236
35346532383865343861343761666235633136643136343534383137663561643062366366333232
63323163623766633239323462633066356461393261316563316261396530326336383532663238
36383734653261636333636136333330656531333332376639303362373932343832633133313261
39666136333334306638376261633465616164663166363665353762366564323731313630643734
33613430616666656130376666633930666636653931383231366634363863663131306363373665
64623734303737366433616462393432316234366134333761623262373864383662393164643339
62656564613638653234383865373538323132623734663362336639373133626563333337363830
36623136303762636533633665353161326464646564633933396461666637306161313432613063
35326336626639653163323038373762653262653336633935363139646466386262313735393065
33363837666261373566653432303832363536656362346164313831623939333664643162306236
34303861396663353265393064383632336363383231316336656135646466656331386164396636
33636638653538643530383833616261656365396137396262663336323264643562373434303935
65633464333932613862303938366461336635353433326535353538363730626463393039643535
63343039653031333366353735373837363032383434316662326132346633383737666235663934
62363633393934323338663766623332346166666330626139663364616563386338666135303731
3865
