$ANSIBLE_VAULT;1.1;AES256
32626234363835316431636264373563366339396334646237636134396336316437616261663535
6237323331393531356539356663383636323835626332660a326531393763613438376361363431
63333231653437653063326365353434363139663532323463613362383661376339383864663361
3135343065313334620a306333653438666238373534666163323031643933343035306133623966
35383463623034376566313464363964633733376233313532643766623761313264383130653662
39363364633436366132303633306439396462303931393239306362353437396633336330313634
30646535643239653466336334623665313833643933363732626531303031376238393131646361
38303766306639373865623533643539373363303363303831326562343239316637343935363632
61386462323063643838323030626161323138613865633332616265313836363136613161656263
61373034666364313035326164363165303932323536383232363761333765383730656361313665
30353336336163393165353066396437336231363635313164636232353864333931343462623964
31333031393763623036613230636237336333353461356135613463656361363365623031376662
31666263613837636462303436313834636465343161303563383233323730663762633038303131
32326362663439636563396537366534316363363731636234333537653361303666656334613165
66653130353138626537656430383834643563643734343134636134636364643065666330636137
66653461653836616361656430363730393139313638363633323431353363616464626665636639
35323839343562656638313065326437316261353035376537653335306239383765343066613732
30653137656437336130633265663234393764346232336463663434656338613366616337303234
63663966383134343130653863613935646432356537326336653464343562663833656166386232
37323262373363356333396130656237393566656634646661336466323263636331363435643834
37613865646436306132613937333139636565663634633135643265316132303033663737353437
64613237626538643936636135643232663764306132353165656233636562346439353936613662
39366239383037336337316336396239643564316237326335396365623661353839336532643831
33393931343136336462643966633039656465333038643938633732376233313836303634633063
61663031656436323637323433376166373136373266336465613331653261656635653536663466
62656564313334336232613063373735376166383833363935313335303532393338363736366533
38386263366533636132393435633838323066346434623963346564336139373232663333346331
3530656565623062393061343434623938633336313631323762366335366135.1.3646263333231
35363331663839613662323436653362393936613937313661313938363239303964383536326161
31653630353362623737356331353733643334633562643439656365363664653831366364643738
62633031613261643639366265633766666463663064376665383863613763633239313230336165
30396462353431343238663439623562656339626137653363633431346634383838313830613431
61626337383630666562653862656236623739633637393933643132663338343461636165643337
64646132616231393762356163303937616235653937623931646332313035353535656362366439
38613265393931663862663735393238363830353261346330616232323038323437346437303430
64393837313631333264386464356534393339623130333266313765383563353631343435386164
61313437336338643938613032313633633733663837383634363465333330306130373535356261
34373230383532383737633062366630333735376636306630616635383363366432386466396131
63386338363761633831663432376238656638303231326337323965633433663436306566323532
31663733666638363038346435353636373630633862393666613462323336326330306165336466
39643562356435323839333131633262326664363562323137356436306364303337636434386664
63353266623161656438653466346436323437666330323533363333303666623061643065643866
3966316638653631366332343639393635663465656266396335653737666439303765.1.3656238
61663039313835303736386463653862613930343638313934663639313035346466656631333530
36353432323937396637396461326563336433663530353832656361333635396635333636303736
62333262653133616661346232303634616232393163663464646563623037653632663439333732
37343537613064393034353832363034663636306165303833313164653934393637356630373039
30343938373065303839303261663564623665643735313433366432363639623734346538643837
62373935323136346436666661346461616366383835.1.339356239323266643738326635613639
36336261313163363739363430373731643133663935633333303864346335343930346163376635
63373064613966666361646263333463306233393262363364323334653837326463356330613766
38393262646138303737376433666334393866613835363830373662616630653534376137383436
33666364326234333966666663363830633733363338393330333738616235646535.1.335643433
35353937663232363163313236393033303738303862656137353833393363336636626664363331
30353532656536346564306362356266303961306631633533373438666363356531376361666232
64396166633961373934656664343361333336313863316632383165376264393034333563306162
32383865663234353437623562666632363164323461316463343361346432616536633661643030
35323930363034326636326362396236313539316134373236393966646134643535636432633436
63623539383662653431643061323062663031633032396331646637333635646236646362336432
32636536633336373433323232356461363363306532653136313164643466336530353064366338
34313037396665633365316362316537383831353532396165663138633563656533616638393663
36643136633363353061616665643562663165323632376338633439373438376139333133326164
31393631633239376237333065333630653764333034383761306536333862613662333165383961
39356538656366623538343464303033613530666366656531313961613935616635356662613237
32656563623464646366623737343537363665366438336162303331636633643365623636313838
31613533303663356636663739646430326563306333356230383863656437646334343432623131
66326338366163323665633266643338636664356339353464663834633836366633396336376164
35303634343435376463336535356565373134653664646466376466333466643965356635386631
39396236386632376432376231303865.1.334613264613161316535396461326530363034313362
31373435393261343537653663356134343937306162656634383861663637376531653830326636
63336431663462623630653662653462316363363961613266653838643862646639613734613362
35613331313834353935663338323633356536666132643932363038326637363337613466323435
62353864333338616661333364616430316665353665656466373732326335346438363233616137
31353035656265343130393339303366393564616461316632333563316333373064323837656133
38663637326562326464396136373136373735633731373733613235313333643365346130396331
61343834323736653963363530626630636363633364613837666431396364643830653635626637
36616263303538616461623061633330393433353232656365653862373865346230356239626139
38613263653664336464303430646336306164633865353733313531613166366539653962623835
34376637623434636563663835353734316439326531356265633162636533616433346433616435
61373837616161656163646231383635363135343530376639353831643363636339616331623332
37616562383362323362393165646334303466646363623637646335653238616139346561663235
39333965386361666263363363633737356130373438316633393935306262363631396465666530
63373435336436633563623434646361643735643232333635623962646661353965383063336366
31646265646233643739386238613330633339663164663930306239623065666561373466636131
61303430306363333965643939646533353139346664623137323933336433373466643039623135
61373830616533386166653930313462663363313330633664646665356661343534613531653330
36356434396138383037646362643938643662373534306237363262376237386233383331376366
30613431636232663339363963313833363563333539623639343632616163356430643163666139
38346365646439356464363430636234343262383566616162383361353531393435383739643635
36626138323432393361303331383839376337373363313835343761626538376637393166616161
64343037346532346139633331663331336339343230636464313230626433653037636638623637
33626232366332363361623937363030353839323862643835656564613762633731613331393562
30313362646234366131613563323030333464386565346438663837616166343730326537383533
65313137373237313838616236393832313566656530363831646437613438316263353436333538
64613134306165313366353961623830656661343335633965323432383365393930643836336564
65633839396266633130343362616332323337633533306539613531313161353138636339663866
61616134306132616431653033383431306664633362343165626465653738393535633466653730
30353463316633373932396334373334323939666166636666393533306237376361386236376362
30313865326366366230636462656138323561336465306466343136373165316530343737623165
3238663735.1.3316337393430366366313838353966343861613430663365656364306235623339
64386334326338616538396163336130393133333234363736363562373136303433393136336666
36626631383761653463613137623239363163656232336232626331326666666536383030393465
39346231663562393666373536343633386262333562393930646265383262663264343936346563
32626339646266303964333531303164356431393634653731323932616165623137616361303835
36653065393031613631336162643034633030653066346430326534323037653964633538363833
65646265626162333437623461353539353636396664396239366235613839613337316332363531
66636633303961343461373264373432383663316263656332316132323961313836643931623037
38663939306435373066386663353239396164663832393465353632353865373764663430353837
3330
