$ANSIBLE_VAULT;1.1;AES256
39653733356561363033653063316336336565356664646366616130653037646132356437626434
6335633630363066353835353861666238663061623664660a646263383032336665373031376330
31363134376463643962353336396164333632623466346261326566613037323663323931643535
6339343937346635380a633031386233663630313761346332366434313963386366393038303139
36353466303961653839646264353161643135633966373665666131653433376366613034663538
63616266313435393961376232326538373863326137326634333235343432633561313538633961
37356263306362613431363139383232333366613463383130336564613234346232643564393338
64306562623639336465643937373162613039353262653635633561643333633361363735346661
66613130343661373365666130313931393032396634373461363239353363636239313539396139
39323630646165626561386631666163663965323963353264663366306330313963353038333264
30323834366230333539613565356436613765363263303538626561303231653664313164376165
62376438653937646434656635633833663336356461393734383761613833616231383036326235
61623836643237616536383230613436343633316431323964373733353066636431336530376439
65636330653439386530346363373662653536643639373630343234323966353033326536326464
31616534343266336636336635636331613863376435356637366131303565666563396363303666
32376463386435303963313331616238653766363466363561616238313731383062666566306665
37613461313365353434366330316239643665656261393339623730373233346335373864613533
37353337663732313365333463383064323564363832316166313963303435326365666261313735
30633661393734643866633663616633306136393061366561663334616262383632396435643039
34376630356430386532666434343131343330353237613432396334376162353530306161643536
62323635653661353130383662386531333937653161353166323333613737613031626432626237
33376138663131616430376564313334376665306133653131373663366365356562343832396161
33656439643736636462373665363139653736356337323063396265306332616666646239316132
30353730346335333639313361323366663334623734613830306139353034313563626138636466
37653139333933626265326234666462376333623938663966363965303339343535303234303838
65343963373236343961613962656539626435613163633664643532306132366536333130633730
37366338633363643766353138643361346231376666636165353161636131653539633239316331
36363333613365326537383164363430326365646364613361313437306535313937356232386562
36616134626462646333393537303962366461646636383365646461343830633333346264613937
37646163643336613136313463383938336139653363383036653630383234313662333337333363
383034613565326137633366333933646364346236373637623331316466363164363265.1.36632
66376662333462323238373631373130643630366537393962373563313136633433653563663537
65376366313331336435343861313262313966643564633138623234303233663431303465383265
32646535656431356361646365666335663530633361376333656265363036653262336566633338
33386134383136316161386561643036326566376136333561636265333261363737346238336532
36646437306533653438666536616666306431396437643532656361313166633439336532383565
64373432633264313464396136303032313666396636396236666636393366636565646434623665
31376237373032306363323536393932323464626164353566663466313361336565393532343438
31306536343338646239396235326339626564626562626665356138313766323435333733383339
38633039303166303761396339643030363735646630383733383838373765306430313131653064
35303736396465326561653930386365306231353431626635616663646138303733633464343764
35363364643834363664376366646539353933363933353565383131666232373530313438623039
37633533313563326636393866343566386466663430396433663132376132303735346132316665
62653362386339303063336333623566383863613533306165336162383939663561356464396234
62383531343062643063363062336334366134303964616563316634633834383136323462393633
63663266333538383930303033656333303762303733383439303631396162363534353862393234
33353663613031356534373563613830346533303364366139643035656333323566373637336566
63376137373938636461373430333561366135.1.332363434633961613761653764343833356133
34383165346339643237363864303166393238613833613363333639343561386563333538366561
38393838643562376538306364323839393738613334643730353239396563643061353165376332
64353233323138303437656137323933633538323939333462633037636332643165666463363330
36393336373734343434613162623336323139356264626535623562306534626138303662653164
66646563663036633034646535653165663436613635393666376664363537653865643264373530
61333933663166386266366537396631326134663362666362613137316435353336313234353066
35666431393663393934363766616532656137613731373936313963363939653838376161313835
34373061306631653434303832616163613139613636616364636532643366343164666466373563
34623965313031623335303161636433653238613339656261663737666335336631363735343365
30323137616661653737633231656531613737313831653935326336366662353830313630613538
35326338613434323063373533383534393731363463626261386536613063343161653430353230
39313164376533613131303334623234333738336530656434616262386438313330333833663333
38326536356264666330363834343366383539643133333235373631616536396334326165383136
63316263616330613439376563303661313337656538366130303139643366643031363463396638
62316236613839656561663335396363363864356338333834666235613562613139303466666264
30653863656237326361313433373031626565383366386466633534326232336563393132363562
32333464383862613336623666356232303938616566613662303432316433386564663466633233
65666131383861646665386438393638633634343263353134623337356566623866616639306331
62326133323263623431326436613236396162613634643338346536346665383931626439633733
36653030633361653435393433336165396131636137373730303834613531333139663031653661
64303466383137363162316161633130643065323262326331373636343066336362653635333234
61303663343834393564616535313030326139323035313162386462356164386562396134333564
61366565626132386364346466653136383061393534613561646438646563656239636534343130
33643763623637396231346633336661663265373736303066613064396337323265313339336238
62353438646464353034653264663136656237396233343332386330643933336138393632346131
37663837623736636130646634643431653136653966383066363335303835363832653034666532
64366131623838343938626566373339343766643032613334383131326638353165.1.339363137
62383437336537343961373964653735353665656165356430353432623133386265383166633636
633433613834396632656331323431356338613236346338653965.1.36135656563663736663831
36343136303937633230333639366536613134376561366537623266646333636337386438643230
63623339343763326466633363623865646434353236633162383264393263643436646463326436
336238633635646137663532303435343137303935396239366263316131626665.1.36238383836
39643638333733383031383432663834346661313736386639633432636632623836626462653337
33393661363962616238396362306363653866303539316334306333666465393731356539663438
37366639333634346536346637323063663537633938393732363934373739633166623763633063
61376437326133623566363838626366353033313231656134643965656164316532363638386134
30623838626137363339316435306461326139633162363338616237393365656666373663373061
36653932666663653232316638383039326432616332613935323764653832653164343134303931
62653063346139313936386263653635663266383765613464656435366337623937353662656361
35393435613838343265323037633734653531663832346162313432613061333731373862363737
62306232356363373539393837353236646132306538623133323839613837633966386665.1.333
61396464316563653436613037643534353066383039393534376239613533356435373833396435
63346330393234396132393365316363333238626535323961383666373431616432386666396139
31336237623437373065303564306238303662343263353039323662356238356363643137356636
35666332303035363431653266376634656435663665626264343262366434633836383537636330
37656335303066383237376161326232326336363938643066363838623832303266376138366431
34313731313537353633373131383365633761343666343938336166383030353761343765393333
37623436633033363265306437656538323865346239373435613937613630323038663536633064
35666466373662303735336462666631303034343330653539653534616565633535
